-1.11
-1.07
-1.05666666667
-1.05
-1.046
-1.04333333333
-1.04142857143
-1.04
-1.03888888889
-1.038
-1.03727272727
-1.03666666667
-1.03615384615
-1.03571428571
-1.03533333333
-1.035
-1.03470588235
-1.03444444444
-1.03421052632
-1.034
-1.03380952381
-1.03363636364
-1.03347826087
-1.03333333333
-1.0332
-1.03307692308
-1.03296296296
-1.03285714286
-1.03275862069
-1.03266666667
-1.03258064516
-1.0325
-1.03242424242
-1.11
-1.07
-1.05666666667
-1.05
-1.046
-1.04333333333
-1.04142857143
-1.04
-1.03888888889
-1.038
-1.03727272727
-1.03666666667
-1.03615384615
-1.03571428571
-1.03533333333
-1.035
-1.03470588235
-1.03444444444
-1.03421052632
-1.034
-1.03380952381
-1.03363636364
-1.03347826087
-1.03333333333
-1.0332
-1.03307692308
-1.03296296296
-1.03285714286
-1.03275862069
-1.03266666667
-1.03258064516
-1.0325
-1.03242424242
-1.11
-1.07
-1.05666666667
-1.05
-1.046
-1.04333333333
-1.04142857143
-1.04
-1.03888888889
-1.038
-1.03727272727
-1.03666666667
-1.03615384615
-1.03571428571
-1.03533333333
-1.035
-1.03470588235
-1.03444444444
-1.03421052632
-1.034
-1.03380952381
-1.03363636364
-1.03347826087
-1.03333333333
-1.0332
-1.03307692308
-1.03296296296
-1.03285714286
-1.03275862069
-1.03266666667
-1.03258064516
-1.0325
-1.03242424242
-1.11
-1.07
-1.05666666667
-1.05
-1.046
-1.04333333333
-1.04142857143
-1.04
-1.03888888889
-1.038
-1.03727272727
-1.03666666667
-1.03615384615
-1.03571428571
-1.03533333333
-1.035
-1.03470588235
-1.03444444444
-1.03421052632
-1.034
-1.03380952381
-1.03363636364
-1.03347826087
-1.03333333333
-1.0332
-1.03307692308
-1.03296296296
-1.03285714286
-1.03275862069
-1.03266666667
-1.03258064516
-1.0325
-1.03242424242
